[Simple-Highly-Functional-and-Effective-HTML5-Regis.jpg]
filters=crop64=1,7001624284d1a4;
crop=rect64(7001624284d1a4)
moddate=2493c923158fd401
width=585
height=370
textactive=0
[bg2.jpg]
filters=autocolor=1;Comicize=1,20.000000,50.000000,50.000000;
moddate=17890bd7168fd401
width=4000
height=2667
textactive=0
[can1.jpg]
filters=finetune2=1,0.000000,0.000000,0.000000,00000000,0.029240;Holga=1,0.000000,12.865498,22.807016;
moddate=643b4ee71e8fd401
width=3198
height=4800
textactive=0
[train.jpg]
filters=crop64=1,46ebdff0ffff;
crop=rect64(46ebdff0ffff)
moddate=3c218d591f8fd401
width=3761
height=2498
textactive=0
